1299.0 108.0 77.0 
1292.0 104.0 85.0 
1274.0 104.0 87.0 
1264.0 110.0 81.0 
1252.0 110.0 81.0 
1242.0 109.0 109.0 
1229.0 109.0 85.0 
1222.0 111.0 80.0 
1213.0 115.0 93.0 
1204.0 116.0 89.0 
1197.0 116.0 101.0 
1182.0 117.0 77.0 
1170.0 122.0 108.0 
1158.0 124.0 80.0 
1143.0 126.0 65.0 
1124.0 130.0 89.0 
1114.0 134.0 107.0 
1101.0 137.0 79.0 
1090.0 137.0 81.0 
1076.0 140.0 109.0 
1065.0 140.0 75.0 
1059.0 140.0 104.0 
1049.0 141.0 81.0 
1037.0 136.0 76.0 
1032.0 129.0 93.0 
1029.0 140.0 89.0 
1025.0 145.0 70.0 
1014.0 145.0 97.0 
1004.0 146.0 89.0 
999.0 152.0 93.0 
988.0 160.0 76.0 
983.0 165.0 97.0 
975.0 174.0 97.0 
969.0 179.0 86.0 
956.0 188.0 79.0 
944.0 195.0 83.0 
932.0 201.0 104.0 
920.0 203.0 109.0 
902.0 204.0 103.0 
886.0 204.0 78.0 
869.0 201.0 83.0 
853.0 201.0 82.0 
840.0 198.0 93.0 
832.0 187.0 104.0 
819.0 177.0 78.0 
811.0 168.0 77.0 
798.0 162.0 87.0 
789.0 156.0 88.0 
770.0 153.0 91.0 
751.0 149.0 85.0 
725.0 158.0 89.0 
719.0 158.0 105.0 
702.0 158.0 72.0 
691.0 158.0 95.0 
684.0 158.0 71.0 
675.0 163.0 94.0 
669.0 167.0 104.0 
658.0 173.0 83.0 
635.0 182.0 88.0 
630.0 182.0 79.0 
619.0 187.0 80.0 
612.0 192.0 100.0 
593.0 200.0 102.0 
584.0 203.0 78.0 
574.0 208.0 94.0 
553.0 216.0 97.0 
537.0 222.0 84.0 
525.0 226.0 66.0 
505.0 230.0 92.0 
493.0 230.0 97.0 
480.0 231.0 83.0 
469.0 232.0 92.0 
456.0 236.0 81.0 
445.0 242.0 110.0 
433.0 243.0 67.0 
420.0 243.0 79.0 
407.0 243.0 67.0 
395.0 243.0 96.0 
380.0 243.0 81.0 
360.0 256.0 84.0 
345.0 262.0 104.0 
332.0 265.0 93.0 
322.0 271.0 97.0 
310.0 276.0 81.0 
291.0 278.0 91.0 
283.0 282.0 103.0 
268.0 285.0 101.0 
259.0 288.0 91.0 
253.0 293.0 87.0 
241.0 302.0 91.0 
226.0 302.0 84.0 
220.0 294.0 77.0 
210.0 285.0 105.0 
201.0 273.0 87.0 
188.0 266.0 90.0 
179.0 265.0 83.0 
158.0 272.0 108.0 
142.0 279.0 86.0 
133.0 282.0 71.0 
119.0 285.0 85.0 
109.0 286.0 81.0 
102.0 281.0 102.0 
97.0 271.0 74.0 
92.0 256.0 84.0 
85.0 247.0 84.0 
78.0 232.0 80.0 
72.0 225.0 104.0 
66.0 212.0 72.0 
60.0 205.0 86.0 
56.0 199.0 101.0 
56.0 190.0 89.0 
59.0 186.0 88.0 
66.0 182.0 74.0 
70.0 180.0 84.0 
73.0 177.0 94.0 
21.0 159.0 75.0 
30.0 173.0 86.0 
33.0 183.0 80.0 
37.0 147.0 82.0 
77.0 128.0 100.0 
130.0 99.0 93.0 
161.0 78.0 106.0 
214.0 42.0 92.0 
241.0 44.0 81.0 
262.0 50.0 84.0 
301.0 86.0 102.0 
328.0 107.0 83.0 
350.0 127.0 88.0 
362.0 143.0 80.0 
379.0 160.0 90.0 
397.0 180.0 88.0 
427.0 212.0 86.0 
455.0 262.0 93.0 
459.0 291.0 88.0 
471.0 312.0 96.0 
471.0 337.0 87.0 
479.0 360.0 80.0 
484.0 372.0 87.0 
386.0 332.0 91.0 
382.0 305.0 81.0 
363.0 284.0 68.0 
354.0 250.0 76.0 
374.0 228.0 89.0 
376.0 194.0 75.0 
342.0 236.0 78.0 
333.0 217.0 91.0 
312.0 193.0 97.0 
318.0 170.0 79.0 
345.0 149.0 92.0 
304.0 169.0 76.0 
295.0 147.0 74.0 
290.0 137.0 75.0 
300.0 130.0 101.0 
262.0 127.0 81.0 
232.0 124.0 104.0 
207.0 132.0 73.0 
198.0 140.0 100.0 
188.0 129.0 98.0 
174.0 108.0 78.0 
278.0 114.0 79.0 
257.0 94.0 102.0 
246.0 73.0 91.0 
247.0 57.0 83.0 
90.0 212.0 105.0 
102.0 195.0 97.0 
125.0 181.0 81.0 
141.0 168.0 68.0 
163.0 159.0 92.0 
180.0 151.0 93.0 
101.0 131.0 79.0 
115.0 148.0 97.0 
127.0 160.0 78.0 
146.0 193.0 78.0 
160.0 205.0 76.0 
170.0 217.0 69.0 
181.0 228.0 77.0 
197.0 239.0 74.0 
228.0 229.0 68.0 
265.0 205.0 105.0 
293.0 198.0 78.0 
238.0 214.0 91.0 
224.0 196.0 101.0 
208.0 170.0 87.0 
577.0 407.0 96.0 
565.0 388.0 92.0 
562.0 359.0 91.0 
573.0 344.0 96.0 
610.0 342.0 89.0 
654.0 341.0 91.0 
682.0 339.0 93.0 
593.0 356.0 81.0 
598.0 379.0 85.0 
592.0 397.0 74.0 
596.0 328.0 84.0 
591.0 312.0 97.0 
592.0 288.0 101.0 
585.0 272.0 101.0 
587.0 253.0 78.0 
580.0 234.0 105.0 
605.0 278.0 97.0 
621.0 261.0 95.0 
637.0 272.0 100.0 
669.0 261.0 85.0 
687.0 272.0 82.0 
724.0 276.0 86.0 
742.0 274.0 82.0 
766.0 288.0 83.0 
782.0 294.0 91.0 
802.0 281.0 89.0 
811.0 268.0 83.0 
821.0 247.0 109.0 
822.0 230.0 88.0 
836.0 212.0 97.0 
733.0 179.0 72.0 
741.0 217.0 92.0 
746.0 232.0 102.0 
744.0 260.0 100.0 
734.0 291.0 74.0 
723.0 313.0 105.0 
708.0 331.0 111.0 
699.0 261.0 87.0 
699.0 232.0 82.0 
688.0 206.0 107.0 
684.0 183.0 98.0 
706.0 277.0 89.0 
853.0 206.0 74.0 
874.0 218.0 78.0 
890.0 239.0 93.0 
899.0 264.0 81.0 
912.0 286.0 80.0 
928.0 315.0 104.0 
930.0 348.0 77.0 
943.0 372.0 106.0 
961.0 396.0 94.0 
999.0 376.0 68.0 
987.0 359.0 98.0 
978.0 328.0 91.0 
958.0 301.0 103.0 
960.0 266.0 81.0 
965.0 235.0 94.0 
964.0 215.0 77.0 
980.0 204.0 100.0 
1043.0 188.0 96.0 
1094.0 193.0 93.0 
1130.0 190.0 102.0 
1161.0 184.0 89.0 
1203.0 177.0 90.0 
1232.0 170.0 88.0 
1245.0 148.0 83.0 
1262.0 142.0 84.0 
1266.0 129.0 83.0 
1198.0 137.0 91.0 
1199.0 155.0 77.0 
1209.0 202.0 98.0 
1204.0 228.0 73.0 
1193.0 261.0 77.0 
1095.0 312.0 72.0 
1085.0 282.0 76.0 
1077.0 245.0 75.0 
1075.0 215.0 99.0 
1076.0 196.0 96.0 
1074.0 172.0 83.0 
1013.0 199.0 91.0 
1008.0 347.0 81.0 
1032.0 324.0 91.0 
1064.0 310.0 68.0 
1271.0 119.0 96.0 
1273.0 129.0 99.0 
1280.0 143.0 82.0 
1283.0 158.0 103.0 
1286.0 165.0 79.0 
1292.0 171.0 103.0 
1299.0 177.0 84.0 
1305.0 188.0 75.0 
1306.0 194.0 79.0 
1309.0 205.0 89.0 
1310.0 210.0 101.0 
1316.0 216.0 92.0 
1319.0 223.0 90.0 
1323.0 236.0 88.0 
1325.0 242.0 97.0 
1032.0 123.0 101.0 
1024.0 128.0 73.0 
1010.0 136.0 110.0 
1004.0 140.0 91.0 
994.0 150.0 84.0 
987.0 158.0 85.0 
972.0 174.0 88.0 
966.0 179.0 78.0 
948.0 191.0 103.0 
936.0 201.0 80.0 
927.0 209.0 69.0 
921.0 214.0 104.0 
910.0 224.0 87.0 
900.0 234.0 85.0 
890.0 242.0 96.0 
879.0 252.0 78.0 
868.0 259.0 74.0 
860.0 266.0 85.0 
854.0 270.0 83.0 
850.0 275.0 81.0 
838.0 285.0 89.0 
826.0 293.0 96.0 
814.0 300.0 93.0 
793.0 320.0 79.0 
788.0 324.0 90.0 
783.0 327.0 97.0 
763.0 341.0 77.0 
744.0 354.0 95.0 
766.0 330.0 76.0 
739.0 340.0 69.0 
723.0 340.0 95.0 
715.0 345.0 90.0 
704.0 354.0 99.0 
703.0 361.0 76.0 
699.0 369.0 91.0 
694.0 381.0 100.0 
691.0 389.0 80.0 
684.0 409.0 93.0 
676.0 415.0 88.0 
663.0 423.0 109.0 
650.0 433.0 88.0 
642.0 439.0 87.0 
637.0 443.0 94.0 
112.0 295.0 82.0 
122.0 305.0 96.0 
123.0 313.0 98.0 
128.0 325.0 78.0 
130.0 335.0 70.0 
130.0 350.0 93.0 
132.0 361.0 73.0 
153.0 361.0 77.0 
193.0 352.0 76.0 
199.0 348.0 78.0 
233.0 340.0 85.0 
240.0 337.0 70.0 
262.0 335.0 97.0 
289.0 330.0 91.0 
304.0 327.0 65.0 
325.0 327.0 86.0 
344.0 329.0 92.0 
361.0 332.0 98.0 
376.0 333.0 90.0 
395.0 340.0 95.0 
405.0 346.0 85.0 
440.0 353.0 82.0 
449.0 359.0 83.0 
466.0 364.0 82.0 
480.0 376.0 80.0 
490.0 382.0 77.0 
500.0 389.0 79.0 
514.0 400.0 89.0 
527.0 407.0 94.0 
539.0 417.0 78.0 
547.0 420.0 84.0 
557.0 424.0 85.0 
574.0 431.0 86.0 
582.0 435.0 81.0 
593.0 439.0 80.0 
606.0 440.0 74.0 
624.0 447.0 83.0 
173.0 356.0 88.0 
212.0 348.0 109.0 
1307.0 256.0 93.0 
1251.0 266.0 83.0 
1197.0 275.0 89.0 
1163.0 290.0 81.0 
1133.0 300.0 69.0 
1086.0 327.0 67.0 
1059.0 342.0 94.0 
1039.0 354.0 87.0 
987.0 386.0 91.0 
957.0 399.0 104.0 
929.0 401.0 90.0 
901.0 397.0 106.0 
865.0 385.0 86.0 
834.0 368.0 92.0 
800.0 356.0 103.0 
241.0 42.0 50.0 
237.0 45.0 55.0 
234.0 51.0 58.0 
232.0 56.0 56.0 
230.0 64.0 56.0 
228.0 71.0 50.0 
226.0 85.0 54.0 
225.0 97.0 51.0 
225.0 108.0 61.0 
225.0 119.0 56.0 
225.0 131.0 58.0 
225.0 141.0 59.0 
224.0 154.0 60.0 
223.0 165.0 60.0 
223.0 186.0 64.0 
225.0 198.0 59.0 
228.0 215.0 59.0 
229.0 225.0 60.0 
229.0 235.0 55.0 
232.0 245.0 61.0 
234.0 251.0 58.0 
238.0 262.0 63.0 
243.0 271.0 59.0 
248.0 279.0 55.0 
254.0 286.0 53.0 
260.0 295.0 49.0 
268.0 306.0 56.0 
273.0 313.0 57.0 
279.0 322.0 58.0 
281.0 329.0 56.0 
283.0 338.0 54.0 
228.0 68.0 59.0 
224.0 72.0 58.0 
219.0 82.0 60.0 
211.0 90.0 59.0 
200.0 95.0 52.0 
183.0 102.0 62.0 
170.0 107.0 58.0 
155.0 113.0 56.0 
141.0 117.0 58.0 
127.0 119.0 53.0 
113.0 119.0 61.0 
100.0 120.0 58.0 
91.0 120.0 54.0 
79.0 125.0 59.0 
70.0 130.0 52.0 
65.0 135.0 60.0 
54.0 147.0 57.0 
50.0 151.0 57.0 
46.0 156.0 50.0 
42.0 164.0 61.0 
40.0 176.0 62.0 
36.0 182.0 58.0 
24.0 185.0 56.0 
25.0 188.0 52.0 
26.0 193.0 50.0 
28.0 195.0 57.0 
37.0 207.0 50.0 
40.0 211.0 53.0 
44.0 217.0 61.0 
49.0 224.0 52.0 
57.0 235.0 60.0 
61.0 245.0 58.0 
64.0 252.0 52.0 
66.0 260.0 49.0 
68.0 270.0 64.0 
73.0 280.0 54.0 
77.0 288.0 53.0 
81.0 294.0 54.0 
83.0 302.0 59.0 
88.0 310.0 53.0 
93.0 320.0 52.0 
97.0 330.0 60.0 
102.0 341.0 56.0 
105.0 347.0 59.0 
110.0 357.0 61.0 
116.0 364.0 56.0 
122.0 370.0 50.0 
701.0 332.0 49.0 
699.0 342.0 55.0 
701.0 350.0 60.0 
702.0 358.0 58.0 
702.0 369.0 49.0 
703.0 381.0 58.0 
705.0 398.0 54.0 
705.0 405.0 55.0 
705.0 416.0 57.0 
705.0 427.0 63.0 
705.0 433.0 58.0 
709.0 338.0 58.0 
721.0 337.0 58.0 
1331.0 243.0 20.0 
1325.0 246.0 19.0 
1322.0 248.0 20.0 
1312.0 254.0 36.0 
1303.0 256.0 35.0 
1292.0 257.0 31.0 
1288.0 257.0 23.0 
1279.0 259.0 18.0 
1266.0 264.0 12.0 
1254.0 264.0 10.0 
1242.0 266.0 19.0 
1230.0 271.0 15.0 
1220.0 272.0 29.0 
1203.0 275.0 19.0 
1193.0 279.0 34.0 
1188.0 282.0 23.0 
1180.0 284.0 23.0 
1172.0 286.0 36.0 
1161.0 291.0 28.0 
1153.0 292.0 30.0 
1146.0 295.0 25.0 
1137.0 298.0 20.0 
1127.0 301.0 36.0 
1117.0 305.0 32.0 
1108.0 308.0 30.0 
1101.0 313.0 10.0 
1092.0 318.0 14.0 
1084.0 323.0 12.0 
1075.0 331.0 21.0 
1068.0 335.0 16.0 
1059.0 342.0 27.0 
1052.0 346.0 17.0 
1041.0 351.0 21.0 
1034.0 355.0 25.0 
1028.0 358.0 27.0 
1019.0 362.0 13.0 
1010.0 368.0 21.0 
1003.0 372.0 28.0 
993.0 379.0 10.0 
985.0 386.0 33.0 
972.0 393.0 30.0 
962.0 397.0 31.0 
954.0 398.0 23.0 
940.0 399.0 28.0 
927.0 399.0 12.0 
919.0 400.0 17.0 
907.0 400.0 27.0 
893.0 400.0 23.0 
879.0 395.0 34.0 
866.0 388.0 28.0 
856.0 380.0 10.0 
839.0 372.0 22.0 
829.0 367.0 37.0 
816.0 361.0 21.0 
805.0 358.0 28.0 
793.0 355.0 23.0 
771.0 350.0 23.0 
759.0 346.0 26.0 
747.0 340.0 19.0 
729.0 332.0 25.0 
716.0 329.0 26.0 
703.0 323.0 32.0 
686.0 318.0 19.0 
669.0 312.0 34.0 
653.0 308.0 34.0 
642.0 303.0 23.0 
629.0 296.0 16.0 
618.0 292.0 31.0 
604.0 290.0 6.0 
589.0 288.0 34.0 
573.0 286.0 8.0 
565.0 286.0 22.0 
557.0 286.0 35.0 
544.0 286.0 23.0 
532.0 287.0 13.0 
525.0 291.0 32.0 
512.0 298.0 13.0 
502.0 298.0 24.0 
489.0 296.0 24.0 
481.0 290.0 21.0 
474.0 284.0 18.0 
467.0 274.0 15.0 
464.0 267.0 33.0 
460.0 259.0 30.0 
456.0 249.0 29.0 
451.0 237.0 19.0 
447.0 229.0 34.0 
440.0 221.0 18.0 
433.0 213.0 18.0 
422.0 202.0 11.0 
413.0 195.0 25.0 
407.0 190.0 16.0 
398.0 179.0 7.0 
391.0 172.0 26.0 
378.0 158.0 19.0 
370.0 149.0 38.0 
358.0 137.0 15.0 
349.0 128.0 17.0 
339.0 120.0 12.0 
331.0 112.0 21.0 
321.0 102.0 19.0 
309.0 92.0 20.0 
303.0 84.0 37.0 
296.0 76.0 36.0 
289.0 69.0 28.0 
282.0 62.0 18.0 
271.0 52.0 16.0 
262.0 47.0 36.0 
253.0 44.0 27.0 
239.0 39.0 18.0 
227.0 37.0 23.0 
213.0 37.0 23.0 
207.0 42.0 9.0 
184.0 48.0 20.0 
185.0 54.0 12.0 
170.0 62.0 30.0 
164.0 64.0 35.0 
152.0 71.0 22.0 
142.0 79.0 22.0 
134.0 84.0 11.0 
122.0 89.0 28.0 
116.0 93.0 21.0 
107.0 98.0 26.0 
103.0 102.0 17.0 
95.0 106.0 9.0 
90.0 109.0 32.0 
82.0 115.0 19.0 
73.0 120.0 12.0 
67.0 124.0 21.0 
58.0 129.0 38.0 
51.0 135.0 9.0 
45.0 140.0 24.0 
36.0 146.0 9.0 
34.0 149.0 13.0 
23.0 168.0 24.0 
1037.0 137.0 31.0 
1028.0 144.0 31.0 
1019.0 151.0 19.0 
1008.0 159.0 19.0 
995.0 163.0 18.0 
985.0 167.0 22.0 
975.0 171.0 9.0 
966.0 172.0 23.0 
959.0 175.0 28.0 
943.0 178.0 21.0 
935.0 180.0 15.0 
922.0 185.0 34.0 
910.0 186.0 16.0 
902.0 191.0 21.0 
896.0 195.0 27.0 
887.0 202.0 37.0 
884.0 207.0 22.0 
882.0 220.0 27.0 
880.0 226.0 17.0 
876.0 235.0 23.0 
872.0 242.0 24.0 
869.0 252.0 25.0 
863.0 259.0 16.0 
860.0 269.0 25.0 
860.0 276.0 21.0 
855.0 283.0 40.0 
853.0 294.0 17.0 
850.0 307.0 29.0 
843.0 319.0 15.0 
842.0 323.0 34.0 
839.0 333.0 10.0 
835.0 346.0 29.0 
829.0 356.0 6.0 
823.0 365.0 32.0 
816.0 377.0 11.0 
808.0 388.0 34.0 
805.0 393.0 33.0 
794.0 403.0 16.0 
788.0 409.0 27.0 
774.0 416.0 26.0 
764.0 421.0 34.0 
750.0 426.0 20.0 
742.0 429.0 28.0 
731.0 433.0 13.0 
724.0 434.0 21.0 
716.0 436.0 15.0 
698.0 438.0 22.0 
685.0 438.0 18.0 
673.0 440.0 5.0 
665.0 441.0 29.0 
650.0 432.0 15.0 
633.0 426.0 17.0 
620.0 422.0 13.0 
612.0 420.0 29.0 
597.0 416.0 13.0 
584.0 408.0 26.0 
572.0 401.0 25.0 
560.0 394.0 32.0 
547.0 389.0 21.0 
527.0 380.0 24.0 
511.0 374.0 7.0 
491.0 366.0 22.0 
477.0 357.0 25.0 
460.0 352.0 27.0 
443.0 344.0 21.0 
441.0 344.0 35.0 
424.0 340.0 16.0 
410.0 339.0 12.0 
393.0 334.0 19.0 
367.0 331.0 23.0 
356.0 329.0 26.0 
345.0 328.0 39.0 
329.0 329.0 41.0 
314.0 329.0 8.0 
301.0 330.0 7.0 
283.0 333.0 36.0 
270.0 337.0 17.0 
259.0 337.0 34.0 
245.0 339.0 14.0 
231.0 343.0 27.0 
209.0 351.0 11.0 
198.0 352.0 21.0 
181.0 355.0 23.0 
169.0 358.0 14.0 
156.0 359.0 27.0 
150.0 362.0 18.0 
138.0 366.0 17.0 
131.0 368.0 19.0 
124.0 372.0 18.0 
