1303.0 108.0 136.0 
1292.0 103.0 139.0 
1274.0 105.0 136.0 
1272.0 121.0 143.0 
1272.0 135.0 130.0 
1284.0 147.0 133.0 
1287.0 161.0 130.0 
1291.0 173.0 137.0 
1299.0 189.0 133.0 
1310.0 196.0 137.0 
1321.0 212.0 138.0 
1327.0 224.0 126.0 
1331.0 240.0 127.0 
1037.0 133.0 136.0 
1052.0 140.0 138.0 
1071.0 134.0 137.0 
1098.0 132.0 129.0 
1121.0 129.0 138.0 
1149.0 123.0 132.0 
1164.0 117.0 138.0 
1201.0 116.0 138.0 
1229.0 116.0 140.0 
1257.0 106.0 127.0 
1260.0 142.0 139.0 
1246.0 149.0 131.0 
1238.0 168.0 127.0 
1211.0 174.0 130.0 
1198.0 155.0 142.0 
1195.0 135.0 134.0 
1210.0 193.0 123.0 
1211.0 210.0 137.0 
1211.0 232.0 136.0 
1201.0 243.0 130.0 
1191.0 262.0 131.0 
1193.0 185.0 137.0 
1175.0 186.0 129.0 
1155.0 189.0 123.0 
1130.0 193.0 142.0 
1106.0 194.0 144.0 
1079.0 196.0 139.0 
1078.0 176.0 132.0 
1072.0 161.0 139.0 
963.0 181.0 135.0 
965.0 197.0 135.0 
965.0 216.0 132.0 
988.0 211.0 133.0 
1010.0 199.0 138.0 
1031.0 199.0 132.0 
1052.0 195.0 142.0 
1065.0 195.0 136.0 
1072.0 214.0 140.0 
1069.0 228.0 128.0 
1073.0 239.0 139.0 
1080.0 257.0 139.0 
1081.0 276.0 139.0 
1090.0 292.0 130.0 
1096.0 306.0 127.0 
1081.0 298.0 138.0 
1068.0 304.0 132.0 
1054.0 313.0 140.0 
1039.0 322.0 137.0 
1021.0 337.0 126.0 
1006.0 345.0 138.0 
994.0 353.0 136.0 
995.0 368.0 127.0 
1000.0 376.0 128.0 
984.0 341.0 127.0 
971.0 314.0 131.0 
958.0 291.0 142.0 
962.0 262.0 137.0 
969.0 247.0 141.0 
969.0 237.0 137.0 
957.0 210.0 128.0 
940.0 201.0 135.0 
1019.0 139.0 140.0 
1002.0 149.0 130.0 
988.0 162.0 133.0 
961.0 176.0 128.0 
948.0 185.0 127.0 
924.0 193.0 130.0 
898.0 204.0 135.0 
875.0 204.0 135.0 
857.0 203.0 129.0 
839.0 192.0 127.0 
825.0 178.0 129.0 
811.0 167.0 133.0 
793.0 158.0 133.0 
774.0 150.0 122.0 
758.0 152.0 136.0 
740.0 159.0 123.0 
721.0 165.0 139.0 
695.0 163.0 134.0 
672.0 168.0 134.0 
652.0 173.0 141.0 
630.0 181.0 142.0 
607.0 194.0 142.0 
588.0 203.0 123.0 
562.0 212.0 133.0 
537.0 225.0 132.0 
513.0 233.0 125.0 
489.0 237.0 140.0 
468.0 239.0 136.0 
447.0 243.0 128.0 
421.0 248.0 127.0 
402.0 248.0 129.0 
388.0 244.0 137.0 
369.0 253.0 127.0 
353.0 257.0 123.0 
333.0 267.0 125.0 
318.0 275.0 142.0 
285.0 283.0 133.0 
264.0 291.0 140.0 
249.0 302.0 129.0 
237.0 313.0 136.0 
223.0 301.0 130.0 
214.0 283.0 137.0 
200.0 275.0 137.0 
187.0 258.0 139.0 
169.0 269.0 132.0 
148.0 274.0 130.0 
131.0 281.0 140.0 
114.0 289.0 135.0 
106.0 286.0 129.0 
96.0 268.0 140.0 
86.0 255.0 130.0 
79.0 244.0 125.0 
75.0 232.0 133.0 
58.0 217.0 139.0 
55.0 203.0 129.0 
58.0 191.0 136.0 
72.0 186.0 129.0 
48.0 192.0 132.0 
38.0 181.0 145.0 
23.0 166.0 135.0 
97.0 126.0 141.0 
113.0 148.0 129.0 
134.0 175.0 129.0 
89.0 209.0 128.0 
113.0 189.0 143.0 
152.0 198.0 134.0 
166.0 213.0 133.0 
178.0 231.0 141.0 
188.0 238.0 139.0 
213.0 230.0 128.0 
233.0 220.0 128.0 
248.0 208.0 126.0 
270.0 205.0 140.0 
300.0 190.0 136.0 
320.0 172.0 127.0 
345.0 153.0 133.0 
356.0 146.0 131.0 
301.0 173.0 129.0 
294.0 149.0 134.0 
290.0 133.0 130.0 
306.0 131.0 128.0 
280.0 115.0 137.0 
262.0 102.0 136.0 
250.0 78.0 136.0 
243.0 61.0 138.0 
236.0 48.0 142.0 
167.0 76.0 129.0 
172.0 105.0 137.0 
180.0 126.0 132.0 
196.0 135.0 132.0 
203.0 155.0 133.0 
216.0 178.0 138.0 
226.0 203.0 136.0 
152.0 161.0 143.0 
166.0 158.0 130.0 
184.0 148.0 126.0 
216.0 132.0 129.0 
237.0 127.0 145.0 
259.0 126.0 137.0 
272.0 131.0 126.0 
312.0 198.0 132.0 
329.0 216.0 132.0 
334.0 225.0 138.0 
345.0 241.0 137.0 
361.0 240.0 127.0 
373.0 223.0 128.0 
376.0 202.0 126.0 
382.0 184.0 139.0 
354.0 272.0 141.0 
367.0 286.0 127.0 
377.0 304.0 133.0 
379.0 326.0 135.0 
453.0 260.0 129.0 
455.0 289.0 135.0 
465.0 304.0 139.0 
473.0 326.0 124.0 
469.0 344.0 132.0 
479.0 368.0 135.0 
571.0 395.0 130.0 
562.0 373.0 137.0 
562.0 352.0 132.0 
583.0 343.0 132.0 
599.0 343.0 141.0 
623.0 342.0 129.0 
657.0 341.0 136.0 
686.0 339.0 132.0 
596.0 400.0 131.0 
602.0 380.0 129.0 
601.0 363.0 134.0 
598.0 329.0 139.0 
593.0 310.0 139.0 
590.0 295.0 131.0 
585.0 269.0 135.0 
585.0 251.0 135.0 
578.0 236.0 130.0 
606.0 272.0 132.0 
625.0 263.0 127.0 
645.0 272.0 127.0 
659.0 268.0 131.0 
683.0 275.0 131.0 
704.0 275.0 141.0 
734.0 273.0 129.0 
758.0 288.0 139.0 
779.0 295.0 139.0 
793.0 286.0 144.0 
805.0 274.0 140.0 
814.0 260.0 136.0 
825.0 243.0 125.0 
825.0 225.0 126.0 
834.0 211.0 138.0 
739.0 251.0 136.0 
740.0 226.0 130.0 
741.0 204.0 132.0 
735.0 189.0 134.0 
684.0 200.0 131.0 
695.0 225.0 141.0 
699.0 249.0 131.0 
715.0 336.0 128.0 
728.0 311.0 136.0 
734.0 294.0 133.0 
870.0 208.0 140.0 
882.0 228.0 133.0 
894.0 242.0 126.0 
902.0 266.0 142.0 
908.0 277.0 139.0 
927.0 303.0 131.0 
931.0 328.0 143.0 
935.0 355.0 130.0 
943.0 374.0 134.0 
953.0 390.0 136.0 
115.0 304.0 130.0 
127.0 319.0 136.0 
136.0 334.0 131.0 
130.0 357.0 127.0 
141.0 363.0 130.0 
165.0 355.0 131.0 
194.0 343.0 141.0 
219.0 336.0 139.0 
249.0 331.0 140.0 
273.0 328.0 128.0 
311.0 335.0 128.0 
348.0 333.0 132.0 
384.0 338.0 138.0 
414.0 339.0 130.0 
435.0 336.0 129.0 
456.0 347.0 137.0 
493.0 360.0 133.0 
522.0 376.0 130.0 
553.0 384.0 132.0 
585.0 404.0 141.0 
626.0 423.0 136.0 
655.0 431.0 132.0 
684.0 438.0 132.0 
731.0 434.0 134.0 
763.0 425.0 135.0 
785.0 410.0 132.0 
814.0 382.0 129.0 
833.0 346.0 136.0 
839.0 320.0 122.0 
849.0 295.0 133.0 
859.0 264.0 128.0 
868.0 243.0 142.0 
844.0 383.0 131.0 
884.0 390.0 132.0 
937.0 405.0 136.0 
984.0 389.0 137.0 
1032.0 363.0 136.0 
1058.0 343.0 143.0 
1080.0 333.0 128.0 
1107.0 315.0 128.0 
1150.0 298.0 139.0 
1180.0 282.0 134.0 
1230.0 272.0 130.0 
1267.0 261.0 134.0 
1299.0 254.0 129.0 
1320.0 249.0 134.0 
1323.0 246.0 25.0 
1305.0 254.0 23.0 
1289.0 257.0 7.0 
1264.0 261.0 23.0 
1248.0 264.0 9.0 
1222.0 268.0 13.0 
1189.0 277.0 24.0 
1169.0 284.0 10.0 
1216.0 274.0 11.0 
1151.0 290.0 25.0 
1130.0 298.0 25.0 
1110.0 304.0 24.0 
1099.0 313.0 15.0 
1084.0 324.0 20.0 
1071.0 327.0 8.0 
1056.0 337.0 25.0 
1045.0 351.0 30.0 
1022.0 362.0 29.0 
1010.0 371.0 7.0 
995.0 386.0 4.0 
979.0 391.0 20.0 
960.0 400.0 11.0 
943.0 401.0 15.0 
920.0 401.0 14.0 
909.0 401.0 12.0 
893.0 396.0 5.0 
871.0 389.0 8.0 
853.0 386.0 32.0 
843.0 379.0 16.0 
827.0 366.0 14.0 
812.0 363.0 12.0 
801.0 358.0 11.0 
781.0 352.0 22.0 
763.0 347.0 23.0 
740.0 341.0 17.0 
718.0 334.0 20.0 
701.0 328.0 24.0 
689.0 323.0 26.0 
669.0 313.0 11.0 
646.0 306.0 15.0 
617.0 300.0 13.0 
604.0 292.0 18.0 
582.0 291.0 11.0 
560.0 289.0 14.0 
544.0 289.0 18.0 
529.0 294.0 7.0 
509.0 298.0 10.0 
489.0 291.0 11.0 
476.0 282.0 17.0 
456.0 252.0 11.0 
446.0 234.0 7.0 
430.0 214.0 10.0 
417.0 200.0 23.0 
396.0 175.0 14.0 
383.0 159.0 12.0 
364.0 144.0 20.0 
350.0 128.0 18.0 
338.0 119.0 12.0 
323.0 104.0 26.0 
311.0 92.0 27.0 
308.0 88.0 22.0 
296.0 79.0 9.0 
273.0 64.0 18.0 
263.0 54.0 17.0 
251.0 49.0 27.0 
236.0 45.0 24.0 
227.0 45.0 12.0 
210.0 48.0 19.0 
192.0 53.0 17.0 
181.0 60.0 3.0 
167.0 69.0 19.0 
153.0 78.0 19.0 
137.0 87.0 21.0 
129.0 96.0 21.0 
119.0 101.0 9.0 
104.0 109.0 20.0 
90.0 119.0 10.0 
75.0 126.0 13.0 
64.0 133.0 18.0 
47.0 144.0 26.0 
36.0 149.0 9.0 
29.0 155.0 14.0 
26.0 171.0 68.0 
33.0 189.0 68.0 
39.0 202.0 62.0 
45.0 218.0 72.0 
50.0 229.0 67.0 
56.0 241.0 57.0 
66.0 256.0 66.0 
68.0 265.0 52.0 
73.0 280.0 71.0 
78.0 288.0 71.0 
83.0 300.0 59.0 
86.0 311.0 66.0 
93.0 318.0 61.0 
100.0 335.0 60.0 
108.0 353.0 61.0 
111.0 363.0 65.0 
118.0 379.0 70.0 
240.0 51.0 68.0 
233.0 72.0 60.0 
228.0 90.0 69.0 
228.0 109.0 54.0 
228.0 119.0 67.0 
228.0 135.0 66.0 
230.0 153.0 60.0 
230.0 170.0 69.0 
230.0 187.0 63.0 
229.0 202.0 59.0 
229.0 222.0 62.0 
229.0 236.0 61.0 
234.0 250.0 62.0 
239.0 262.0 71.0 
251.0 277.0 61.0 
259.0 288.0 62.0 
267.0 305.0 58.0 
280.0 314.0 56.0 
289.0 330.0 64.0 
101.0 124.0 65.0 
113.0 124.0 63.0 
132.0 121.0 60.0 
146.0 115.0 61.0 
163.0 110.0 66.0 
175.0 107.0 63.0 
191.0 100.0 61.0 
202.0 94.0 70.0 
220.0 85.0 59.0 
233.0 62.0 66.0 
85.0 126.0 58.0 
70.0 137.0 67.0 
59.0 146.0 59.0 
52.0 167.0 70.0 
47.0 187.0 61.0 
697.0 435.0 55.0 
703.0 416.0 60.0 
704.0 401.0 69.0 
705.0 382.0 68.0 
705.0 368.0 68.0 
703.0 348.0 60.0 
138.0 368.0 69.0 
163.0 350.0 70.0 
189.0 348.0 56.0 
215.0 343.0 67.0 
251.0 339.0 62.0 
266.0 338.0 59.0 
284.0 335.0 56.0 
325.0 331.0 65.0 
353.0 333.0 72.0 
374.0 338.0 72.0 
399.0 347.0 62.0 
420.0 353.0 69.0 
445.0 367.0 66.0 
466.0 375.0 62.0 
470.0 377.0 72.0 
494.0 386.0 73.0 
510.0 397.0 59.0 
524.0 406.0 66.0 
542.0 415.0 68.0 
558.0 425.0 60.0 
573.0 428.0 51.0 
583.0 433.0 66.0 
603.0 439.0 71.0 
623.0 441.0 70.0 
644.0 434.0 66.0 
676.0 416.0 69.0 
680.0 398.0 65.0 
689.0 372.0 66.0 
705.0 355.0 64.0 
724.0 347.0 65.0 
751.0 339.0 70.0 
757.0 335.0 64.0 
771.0 328.0 62.0 
787.0 314.0 61.0 
807.0 304.0 57.0 
825.0 291.0 64.0 
844.0 281.0 66.0 
854.0 273.0 57.0 
880.0 247.0 62.0 
889.0 243.0 72.0 
898.0 230.0 68.0 
914.0 222.0 66.0 
936.0 202.0 64.0 
942.0 195.0 71.0 
979.0 168.0 73.0 
994.0 158.0 64.0 
1005.0 152.0 62.0 
1016.0 143.0 66.0 
