1300.0 107.0 66.0 
1291.0 104.0 66.0 
1276.0 106.0 67.0 
1270.0 118.0 69.0 
1273.0 134.0 74.0 
1280.0 151.0 78.0 
1286.0 166.0 76.0 
1291.0 183.0 74.0 
1305.0 193.0 74.0 
1316.0 206.0 75.0 
1322.0 220.0 75.0 
1326.0 237.0 75.0 
1329.0 247.0 75.0 
1266.0 110.0 75.0 
1249.0 109.0 74.0 
1234.0 111.0 78.0 
1226.0 112.0 81.0 
1209.0 114.0 82.0 
1196.0 115.0 87.0 
1184.0 116.0 94.0 
1172.0 120.0 95.0 
1159.0 122.0 96.0 
1136.0 127.0 93.0 
1120.0 129.0 90.0 
1105.0 133.0 89.0 
1084.0 137.0 88.0 
1062.0 140.0 87.0 
1048.0 140.0 86.0 
1031.0 140.0 87.0 
1017.0 143.0 90.0 
1009.0 146.0 88.0 
998.0 153.0 88.0 
984.0 161.0 88.0 
968.0 172.0 87.0 
953.0 182.0 86.0 
939.0 188.0 86.0 
931.0 192.0 81.0 
915.0 199.0 77.0 
900.0 203.0 76.0 
884.0 203.0 80.0 
867.0 203.0 80.0 
851.0 201.0 81.0 
839.0 194.0 82.0 
826.0 183.0 83.0 
810.0 167.0 81.0 
793.0 157.0 82.0 
776.0 150.0 86.0 
761.0 148.0 92.0 
747.0 149.0 97.0 
725.0 161.0 101.0 
715.0 161.0 101.0 
698.0 161.0 101.0 
674.0 166.0 103.0 
665.0 167.0 101.0 
635.0 179.0 96.0 
620.0 186.0 96.0 
608.0 189.0 93.0 
598.0 192.0 91.0 
569.0 209.0 92.0 
558.0 212.0 94.0 
531.0 224.0 94.0 
518.0 225.0 91.0 
497.0 230.0 93.0 
474.0 234.0 94.0 
464.0 234.0 93.0 
454.0 235.0 93.0 
440.0 237.0 98.0 
412.0 247.0 102.0 
396.0 246.0 103.0 
381.0 246.0 102.0 
371.0 249.0 98.0 
352.0 256.0 98.0 
331.0 264.0 100.0 
305.0 269.0 100.0 
317.0 269.0 100.0 
298.0 276.0 102.0 
277.0 281.0 99.0 
262.0 289.0 101.0 
252.0 296.0 103.0 
242.0 304.0 104.0 
232.0 305.0 104.0 
219.0 296.0 102.0 
209.0 283.0 95.0 
193.0 268.0 90.0 
176.0 262.0 87.0 
161.0 270.0 86.0 
140.0 275.0 90.0 
111.0 287.0 96.0 
92.0 266.0 98.0 
86.0 250.0 98.0 
77.0 234.0 95.0 
69.0 218.0 97.0 
59.0 200.0 98.0 
43.0 192.0 99.0 
57.0 184.0 99.0 
75.0 177.0 96.0 
38.0 179.0 93.0 
26.0 164.0 89.0 
243.0 49.0 84.0 
247.0 75.0 80.0 
264.0 96.0 75.0 
282.0 114.0 75.0 
287.0 135.0 75.0 
297.0 159.0 78.0 
306.0 188.0 82.0 
321.0 210.0 85.0 
342.0 239.0 86.0 
362.0 238.0 89.0 
374.0 219.0 90.0 
374.0 193.0 89.0 
388.0 179.0 89.0 
352.0 144.0 90.0 
328.0 165.0 90.0 
280.0 196.0 94.0 
250.0 209.0 98.0 
231.0 214.0 99.0 
211.0 225.0 97.0 
187.0 236.0 92.0 
166.0 214.0 90.0 
154.0 195.0 91.0 
135.0 173.0 93.0 
120.0 189.0 94.0 
98.0 204.0 92.0 
115.0 147.0 92.0 
102.0 129.0 91.0 
159.0 159.0 93.0 
181.0 149.0 95.0 
198.0 139.0 100.0 
177.0 117.0 103.0 
168.0 90.0 105.0 
88.0 214.0 103.0 
209.0 163.0 102.0 
213.0 184.0 97.0 
223.0 197.0 96.0 
228.0 130.0 98.0 
252.0 125.0 100.0 
360.0 283.0 99.0 
376.0 300.0 96.0 
378.0 328.0 94.0 
453.0 282.0 92.0 
469.0 310.0 92.0 
467.0 344.0 93.0 
480.0 368.0 97.0 
579.0 237.0 100.0 
586.0 284.0 101.0 
588.0 315.0 102.0 
590.0 342.0 101.0 
597.0 374.0 100.0 
591.0 406.0 98.0 
571.0 393.0 94.0 
560.0 364.0 91.0 
620.0 341.0 89.0 
651.0 342.0 89.0 
679.0 342.0 90.0 
705.0 338.0 93.0 
726.0 336.0 95.0 
716.0 324.0 93.0 
729.0 312.0 93.0 
735.0 277.0 94.0 
714.0 277.0 98.0 
692.0 275.0 101.0 
700.0 249.0 98.0 
691.0 214.0 95.0 
686.0 197.0 96.0 
671.0 261.0 100.0 
645.0 274.0 104.0 
631.0 262.0 106.0 
616.0 271.0 107.0 
763.0 284.0 107.0 
782.0 293.0 106.0 
797.0 282.0 107.0 
811.0 266.0 108.0 
823.0 246.0 104.0 
820.0 226.0 97.0 
837.0 207.0 90.0 
734.0 185.0 84.0 
742.0 211.0 83.0 
742.0 236.0 79.0 
742.0 255.0 76.0 
1260.0 141.0 74.0 
1248.0 151.0 73.0 
1236.0 171.0 75.0 
1205.0 179.0 82.0 
1198.0 151.0 89.0 
1212.0 210.0 94.0 
1203.0 233.0 98.0 
1192.0 264.0 99.0 
1181.0 188.0 102.0 
1149.0 193.0 103.0 
1111.0 200.0 98.0 
1075.0 199.0 96.0 
1075.0 168.0 97.0 
1072.0 227.0 99.0 
1077.0 255.0 100.0 
1087.0 275.0 102.0 
1094.0 301.0 104.0 
1072.0 303.0 105.0 
1043.0 314.0 109.0 
1028.0 330.0 111.0 
1014.0 346.0 109.0 
992.0 356.0 109.0 
1001.0 379.0 106.0 
979.0 332.0 106.0 
963.0 308.0 103.0 
961.0 274.0 99.0 
970.0 246.0 99.0 
966.0 214.0 93.0 
1003.0 206.0 90.0 
1047.0 196.0 87.0 
873.0 222.0 81.0 
890.0 237.0 77.0 
902.0 267.0 78.0 
917.0 288.0 77.0 
930.0 308.0 76.0 
933.0 332.0 76.0 
942.0 359.0 75.0 
959.0 397.0 80.0 
958.0 192.0 82.0 
882.0 227.0 83.0 
871.0 247.0 88.0 
862.0 267.0 88.0 
855.0 291.0 86.0 
849.0 310.0 86.0 
842.0 328.0 88.0 
833.0 346.0 91.0 
819.0 377.0 91.0 
801.0 398.0 89.0 
775.0 419.0 87.0 
738.0 432.0 85.0 
709.0 439.0 84.0 
684.0 439.0 86.0 
654.0 438.0 86.0 
626.0 429.0 87.0 
589.0 413.0 87.0 
551.0 392.0 89.0 
529.0 378.0 91.0 
503.0 367.0 94.0 
459.0 354.0 101.0 
428.0 344.0 106.0 
389.0 337.0 108.0 
359.0 332.0 107.0 
330.0 327.0 107.0 
302.0 331.0 106.0 
280.0 336.0 103.0 
244.0 342.0 100.0 
216.0 350.0 96.0 
196.0 350.0 94.0 
175.0 356.0 94.0 
150.0 365.0 96.0 
130.0 368.0 99.0 
121.0 370.0 101.0 
131.0 344.0 102.0 
133.0 325.0 103.0 
119.0 302.0 101.0 
231.0 44.0 97.0 
61.0 136.0 96.0 
127.0 94.0 94.0 
193.0 54.0 91.0 
284.0 65.0 90.0 
313.0 98.0 92.0 
425.0 204.0 92.0 
469.0 268.0 92.0 
509.0 294.0 94.0 
656.0 307.0 98.0 
790.0 350.0 101.0 
772.0 351.0 102.0 
864.0 382.0 105.0 
918.0 396.0 109.0 
1099.0 311.0 110.0 
1121.0 305.0 108.0 
1166.0 287.0 103.0 
1227.0 268.0 103.0 
1291.0 254.0 102.0 
26.0 151.0 61.0 
42.0 145.0 58.0 
53.0 139.0 58.0 
73.0 128.0 57.0 
93.0 118.0 57.0 
108.0 109.0 58.0 
127.0 96.0 59.0 
145.0 84.0 60.0 
165.0 73.0 60.0 
186.0 59.0 59.0 
210.0 47.0 58.0 
229.0 42.0 57.0 
245.0 43.0 56.0 
261.0 47.0 54.0 
277.0 58.0 53.0 
291.0 70.0 53.0 
303.0 81.0 53.0 
319.0 99.0 53.0 
339.0 117.0 53.0 
356.0 136.0 54.0 
367.0 154.0 56.0 
386.0 170.0 57.0 
402.0 184.0 59.0 
419.0 204.0 59.0 
435.0 221.0 60.0 
448.0 242.0 61.0 
463.0 266.0 61.0 
477.0 291.0 62.0 
492.0 298.0 62.0 
512.0 301.0 61.0 
536.0 292.0 61.0 
554.0 289.0 61.0 
586.0 287.0 60.0 
615.0 294.0 58.0 
650.0 301.0 57.0 
680.0 316.0 55.0 
703.0 325.0 53.0 
721.0 334.0 52.0 
743.0 342.0 52.0 
765.0 347.0 51.0 
789.0 351.0 51.0 
818.0 361.0 51.0 
853.0 379.0 51.0 
878.0 391.0 51.0 
914.0 402.0 53.0 
953.0 406.0 54.0 
990.0 393.0 55.0 
1013.0 375.0 55.0 
1044.0 353.0 55.0 
1079.0 333.0 54.0 
1108.0 311.0 53.0 
1140.0 295.0 54.0 
1172.0 282.0 54.0 
1212.0 274.0 54.0 
1260.0 264.0 56.0 
1303.0 253.0 57.0 
1332.0 242.0 59.0 
23.0 170.0 31.0 
26.0 192.0 30.0 
37.0 209.0 26.0 
54.0 231.0 22.0 
64.0 249.0 19.0 
71.0 269.0 20.0 
75.0 284.0 22.0 
82.0 299.0 23.0 
91.0 315.0 26.0 
100.0 333.0 30.0 
109.0 351.0 33.0 
116.0 366.0 35.0 
131.0 372.0 36.0 
149.0 362.0 36.0 
173.0 355.0 36.0 
196.0 353.0 38.0 
214.0 349.0 38.0 
241.0 345.0 36.0 
267.0 338.0 35.0 
308.0 335.0 35.0 
334.0 334.0 37.0 
351.0 333.0 38.0 
377.0 340.0 38.0 
401.0 340.0 37.0 
424.0 351.0 33.0 
441.0 364.0 30.0 
457.0 371.0 28.0 
481.0 383.0 23.0 
497.0 394.0 20.0 
510.0 402.0 16.0 
528.0 414.0 14.0 
551.0 425.0 15.0 
574.0 436.0 16.0 
607.0 447.0 16.0 
628.0 448.0 16.0 
649.0 437.0 16.0 
669.0 420.0 16.0 
688.0 400.0 13.0 
693.0 381.0 12.0 
710.0 354.0 11.0 
736.0 341.0 11.0 
770.0 329.0 12.0 
793.0 315.0 15.0 
817.0 303.0 19.0 
832.0 287.0 25.0 
849.0 274.0 29.0 
876.0 253.0 32.0 
898.0 245.0 34.0 
909.0 228.0 37.0 
924.0 214.0 39.0 
950.0 194.0 38.0 
987.0 167.0 38.0 
1006.0 155.0 37.0 
1015.0 145.0 37.0 
1026.0 132.0 39.0 
238.0 48.0 38.0 
227.0 72.0 37.0 
228.0 95.0 31.0 
229.0 119.0 26.0 
229.0 139.0 22.0 
231.0 161.0 23.0 
229.0 178.0 23.0 
229.0 199.0 23.0 
230.0 221.0 24.0 
232.0 247.0 27.0 
242.0 272.0 27.0 
255.0 287.0 27.0 
270.0 306.0 28.0 
285.0 333.0 30.0 
38.0 165.0 32.0 
54.0 149.0 32.0 
87.0 129.0 31.0 
102.0 122.0 32.0 
132.0 119.0 33.0 
147.0 117.0 36.0 
172.0 108.0 42.0 
192.0 93.0 40.0 
213.0 85.0 37.0 
226.0 69.0 36.0 
231.0 55.0 35.0 
702.0 327.0 35.0 
702.0 345.0 34.0 
702.0 353.0 32.0 
703.0 370.0 32.0 
706.0 392.0 34.0 
704.0 411.0 36.0 
702.0 427.0 33.0 
