36.0 1.0 135.0 
30.0 16.0 134.0 
74.0 17.0 133.0 
75.0 0.0 133.0 
112.0 2.0 134.0 
109.0 18.0 134.0 
149.0 18.0 134.0 
153.0 1.0 135.0 
207.0 1.0 136.0 
204.0 19.0 137.0 
243.0 19.0 137.0 
243.0 0.0 137.0 
285.0 3.0 136.0 
285.0 19.0 135.0 
322.0 20.0 133.0 
322.0 1.0 133.0 
361.0 0.0 134.0 
360.0 19.0 136.0 
398.0 19.0 136.0 
397.0 1.0 136.0 
455.0 2.0 136.0 
454.0 20.0 136.0 
490.0 20.0 137.0 
490.0 0.0 138.0 
532.0 2.0 140.0 
530.0 16.0 140.0 
566.0 18.0 142.0 
566.0 0.0 143.0 
614.0 0.0 144.0 
612.0 22.0 145.0 
653.0 23.0 145.0 
653.0 1.0 145.0 
705.0 1.0 143.0 
703.0 54.0 142.0 
741.0 53.0 141.0 
742.0 0.0 141.0 
778.0 2.0 139.0 
775.0 54.0 137.0 
815.0 57.0 135.0 
816.0 1.0 133.0 
848.0 1.0 132.0 
848.0 52.0 133.0 
887.0 55.0 134.0 
888.0 2.0 135.0 
939.0 1.0 137.0 
937.0 53.0 136.0 
973.0 55.0 137.0 
973.0 2.0 137.0 
1008.0 2.0 137.0 
1005.0 55.0 136.0 
1041.0 53.0 135.0 
1041.0 1.0 135.0 
1073.0 1.0 136.0 
1070.0 53.0 136.0 
1112.0 54.0 136.0 
1110.0 3.0 138.0 
1168.0 2.0 138.0 
1165.0 58.0 139.0 
1209.0 57.0 139.0 
1211.0 1.0 138.0 
1269.0 0.0 138.0 
1269.0 56.0 138.0 
1313.0 58.0 140.0 
1312.0 1.0 140.0 
1394.0 6.0 139.0 
1394.0 59.0 139.0 
1435.0 59.0 140.0 
1433.0 2.0 141.0 
1491.0 5.0 141.0 
1490.0 59.0 141.0 
1534.0 58.0 140.0 
1535.0 5.0 142.0 
1601.0 2.0 141.0 
1601.0 61.0 140.0 
1641.0 64.0 139.0 
1638.0 2.0 139.0 
1680.0 2.0 138.0 
1680.0 62.0 138.0 
1725.0 59.0 139.0 
1715.0 2.0 141.0 
1757.0 4.0 142.0 
1759.0 60.0 142.0 
1796.0 62.0 142.0 
1794.0 2.0 141.0 
30.0 67.0 140.0 
24.0 151.0 138.0 
67.0 150.0 138.0 
70.0 68.0 138.0 
109.0 66.0 137.0 
107.0 150.0 136.0 
143.0 147.0 135.0 
148.0 68.0 135.0 
204.0 67.0 135.0 
243.0 68.0 136.0 
201.0 173.0 138.0 
239.0 175.0 139.0 
284.0 69.0 141.0 
322.0 69.0 143.0 
283.0 175.0 143.0 
321.0 173.0 142.0 
358.0 68.0 142.0 
396.0 67.0 143.0 
359.0 173.0 144.0 
396.0 175.0 143.0 
457.0 71.0 143.0 
492.0 72.0 142.0 
457.0 149.0 142.0 
494.0 151.0 140.0 
532.0 68.0 139.0 
569.0 70.0 139.0 
537.0 149.0 139.0 
571.0 150.0 139.0 
615.0 73.0 140.0 
654.0 73.0 139.0 
618.0 150.0 139.0 
654.0 150.0 140.0 
701.0 100.0 139.0 
740.0 101.0 138.0 
703.0 175.0 139.0 
741.0 174.0 140.0 
775.0 102.0 140.0 
814.0 101.0 140.0 
777.0 138.0 139.0 
777.0 178.0 140.0 
813.0 177.0 141.0 
815.0 138.0 142.0 
852.0 103.0 141.0 
849.0 172.0 139.0 
888.0 176.0 138.0 
886.0 103.0 137.0 
936.0 102.0 137.0 
938.0 176.0 137.0 
973.0 176.0 138.0 
973.0 101.0 139.0 
1002.0 102.0 141.0 
1041.0 100.0 143.0 
1002.0 174.0 141.0 
1040.0 174.0 138.0 
1072.0 100.0 137.0 
1110.0 99.0 136.0 
1072.0 171.0 135.0 
1107.0 173.0 136.0 
1167.0 103.0 137.0 
1211.0 103.0 137.0 
1167.0 179.0 138.0 
1210.0 179.0 137.0 
1267.0 103.0 136.0 
1313.0 104.0 136.0 
1270.0 179.0 135.0 
1309.0 178.0 135.0 
1394.0 104.0 135.0 
1435.0 107.0 135.0 
1389.0 177.0 137.0 
1433.0 177.0 137.0 
1491.0 105.0 137.0 
1535.0 104.0 137.0 
1492.0 179.0 136.0 
1531.0 178.0 135.0 
1602.0 107.0 134.0 
1639.0 109.0 134.0 
1608.0 180.0 135.0 
1645.0 182.0 135.0 
1692.0 110.0 135.0 
1696.0 180.0 134.0 
1728.0 181.0 134.0 
1722.0 109.0 135.0 
1769.0 110.0 137.0 
1771.0 178.0 139.0 
1799.0 181.0 141.0 
1798.0 109.0 143.0 
28.0 108.0 143.0 
54.0 108.0 144.0 
68.0 109.0 143.0 
110.0 108.0 143.0 
128.0 109.0 143.0 
147.0 110.0 143.0 
203.0 119.0 143.0 
221.0 120.0 143.0 
240.0 119.0 142.0 
282.0 118.0 141.0 
301.0 119.0 141.0 
320.0 122.0 141.0 
363.0 120.0 142.0 
380.0 119.0 142.0 
398.0 118.0 141.0 
455.0 109.0 141.0 
492.0 111.0 141.0 
536.0 110.0 141.0 
571.0 110.0 140.0 
617.0 111.0 138.0 
655.0 112.0 139.0 
705.0 137.0 138.0 
743.0 141.0 138.0 
852.0 139.0 138.0 
888.0 140.0 138.0 
51.0 68.0 138.0 
45.0 148.0 138.0 
127.0 149.0 138.0 
130.0 70.0 139.0 
302.0 72.0 138.0 
221.0 69.0 138.0 
303.0 175.0 139.0 
379.0 69.0 141.0 
379.0 176.0 142.0 
939.0 145.0 143.0 
970.0 144.0 144.0 
1004.0 140.0 143.0 
1041.0 142.0 141.0 
1071.0 139.0 140.0 
1106.0 141.0 139.0 
1167.0 137.0 140.0 
1211.0 143.0 140.0 
1269.0 143.0 140.0 
1310.0 143.0 141.0 
1393.0 144.0 142.0 
1433.0 141.0 142.0 
1489.0 142.0 142.0 
1532.0 143.0 141.0 
1608.0 144.0 141.0 
1645.0 142.0 140.0 
1696.0 144.0 139.0 
1730.0 147.0 139.0 
24.0 202.0 139.0 
65.0 206.0 138.0 
19.0 292.0 136.0 
63.0 292.0 135.0 
45.0 292.0 135.0 
22.0 246.0 134.0 
64.0 247.0 134.0 
45.0 244.0 133.0 
45.0 201.0 134.0 
101.0 244.0 133.0 
142.0 246.0 134.0 
144.0 202.0 135.0 
102.0 199.0 136.0 
100.0 291.0 137.0 
139.0 290.0 136.0 
121.0 243.0 136.0 
284.0 205.0 136.0 
283.0 287.0 138.0 
322.0 292.0 138.0 
321.0 245.0 138.0 
282.0 242.0 138.0 
302.0 244.0 137.0 
303.0 204.0 137.0 
321.0 203.0 138.0 
355.0 199.0 139.0 
378.0 203.0 141.0 
395.0 202.0 142.0 
360.0 244.0 142.0 
379.0 243.0 142.0 
397.0 244.0 142.0 
358.0 289.0 142.0 
378.0 286.0 141.0 
396.0 286.0 141.0 
536.0 201.0 140.0 
579.0 201.0 141.0 
541.0 245.0 142.0 
580.0 244.0 143.0 
541.0 291.0 144.0 
584.0 289.0 144.0 
613.0 201.0 144.0 
653.0 200.0 142.0 
620.0 291.0 140.0 
660.0 289.0 138.0 
616.0 240.0 137.0 
653.0 241.0 136.0 
699.0 221.0 134.0 
738.0 222.0 132.0 
697.0 306.0 133.0 
739.0 306.0 133.0 
775.0 221.0 133.0 
818.0 223.0 133.0 
777.0 306.0 134.0 
814.0 302.0 136.0 
941.0 227.0 137.0 
973.0 224.0 138.0 
938.0 301.0 140.0 
975.0 298.0 142.0 
1009.0 226.0 145.0 
1045.0 226.0 146.0 
1010.0 295.0 146.0 
1042.0 293.0 145.0 
1154.0 225.0 142.0 
1189.0 227.0 139.0 
1153.0 294.0 138.0 
1191.0 293.0 137.0 
1227.0 225.0 136.0 
1266.0 225.0 136.0 
1227.0 296.0 135.0 
1264.0 294.0 134.0 
1372.0 297.0 135.0 
1410.0 297.0 136.0 
1371.0 226.0 137.0 
1410.0 226.0 138.0 
1442.0 225.0 137.0 
1481.0 225.0 139.0 
1441.0 294.0 140.0 
1479.0 298.0 140.0 
1597.0 234.0 140.0 
1662.0 231.0 140.0 
1602.0 269.0 140.0 
1660.0 268.0 140.0 
1602.0 276.0 139.0 
1607.0 274.0 138.0 
1611.0 275.0 139.0 
1614.0 276.0 139.0 
1617.0 276.0 138.0 
1621.0 277.0 138.0 
1628.0 278.0 139.0 
1632.0 278.0 139.0 
1640.0 278.0 139.0 
1644.0 278.0 139.0 
1649.0 278.0 141.0 
1654.0 279.0 142.0 
1656.0 278.0 143.0 
1659.0 281.0 144.0 
1659.0 289.0 143.0 
1659.0 292.0 142.0 
1660.0 300.0 143.0 
1661.0 305.0 143.0 
1662.0 311.0 142.0 
1661.0 317.0 140.0 
1661.0 323.0 139.0 
1665.0 331.0 140.0 
1599.0 281.0 140.0 
1599.0 284.0 139.0 
1606.0 297.0 138.0 
1600.0 287.0 138.0 
1602.0 294.0 140.0 
1604.0 306.0 141.0 
1604.0 314.0 140.0 
1605.0 326.0 140.0 
1603.0 334.0 139.0 
1688.0 331.0 137.0 
1684.0 231.0 137.0 
1751.0 227.0 136.0 
1749.0 329.0 134.0 
1775.0 330.0 132.0 
1770.0 230.0 132.0 
1797.0 227.0 132.0 
1798.0 330.0 133.0 
1286.0 320.0 135.0 
1286.0 312.0 136.0 
1283.0 299.0 135.0 
1283.0 289.0 137.0 
1283.0 273.0 138.0 
1284.0 256.0 140.0 
1285.0 248.0 140.0 
1294.0 236.0 140.0 
1300.0 232.0 140.0 
1305.0 230.0 141.0 
1313.0 230.0 141.0 
1323.0 231.0 141.0 
1335.0 238.0 141.0 
1341.0 248.0 141.0 
1344.0 261.0 141.0 
1342.0 275.0 141.0 
1342.0 290.0 142.0 
1345.0 309.0 141.0 
1343.0 323.0 141.0 
1343.0 301.0 142.0 
1342.0 287.0 142.0 
1342.0 270.0 142.0 
1340.0 256.0 141.0 
1068.0 319.0 140.0 
1070.0 311.0 139.0 
1070.0 300.0 138.0 
1072.0 291.0 138.0 
1070.0 283.0 138.0 
1070.0 272.0 139.0 
1070.0 255.0 139.0 
1071.0 246.0 139.0 
1076.0 233.0 140.0 
1083.0 228.0 141.0 
1090.0 224.0 141.0 
1101.0 228.0 141.0 
1107.0 229.0 140.0 
1114.0 233.0 140.0 
1117.0 241.0 141.0 
1122.0 250.0 140.0 
1123.0 259.0 140.0 
1125.0 275.0 141.0 
1124.0 283.0 141.0 
1122.0 299.0 140.0 
1123.0 312.0 140.0 
1122.0 294.0 139.0 
1122.0 268.0 137.0 
1095.0 230.0 136.0 
1288.0 244.0 136.0 
846.0 329.0 137.0 
844.0 307.0 137.0 
842.0 295.0 137.0 
844.0 282.0 136.0 
844.0 270.0 136.0 
847.0 255.0 136.0 
852.0 240.0 136.0 
858.0 231.0 135.0 
866.0 225.0 135.0 
876.0 227.0 135.0 
885.0 227.0 135.0 
895.0 234.0 134.0 
905.0 243.0 134.0 
906.0 257.0 135.0 
906.0 272.0 135.0 
905.0 285.0 136.0 
907.0 299.0 136.0 
906.0 311.0 135.0 
906.0 322.0 135.0 
908.0 330.0 135.0 
188.0 313.0 135.0 
186.0 303.0 135.0 
189.0 293.0 136.0 
188.0 286.0 138.0 
188.0 275.0 140.0 
188.0 265.0 141.0 
188.0 259.0 143.0 
186.0 246.0 143.0 
188.0 237.0 144.0 
189.0 228.0 144.0 
191.0 221.0 145.0 
197.0 215.0 145.0 
204.0 207.0 143.0 
211.0 206.0 142.0 
219.0 203.0 140.0 
226.0 203.0 139.0 
236.0 207.0 138.0 
244.0 212.0 137.0 
247.0 217.0 136.0 
254.0 227.0 137.0 
254.0 236.0 138.0 
256.0 248.0 138.0 
253.0 259.0 138.0 
252.0 269.0 138.0 
254.0 280.0 139.0 
254.0 289.0 140.0 
253.0 297.0 140.0 
255.0 307.0 141.0 
256.0 317.0 142.0 
442.0 306.0 143.0 
441.0 293.0 143.0 
441.0 279.0 143.0 
441.0 264.0 142.0 
441.0 250.0 141.0 
442.0 241.0 141.0 
444.0 231.0 141.0 
447.0 217.0 140.0 
456.0 205.0 139.0 
461.0 201.0 138.0 
469.0 198.0 138.0 
478.0 196.0 138.0 
487.0 198.0 137.0 
495.0 201.0 137.0 
502.0 204.0 137.0 
507.0 211.0 138.0 
511.0 221.0 139.0 
513.0 231.0 137.0 
513.0 240.0 135.0 
514.0 255.0 134.0 
513.0 267.0 134.0 
516.0 277.0 134.0 
516.0 287.0 135.0 
517.0 295.0 135.0 
517.0 310.0 135.0 
513.0 247.0 135.0 
450.0 210.0 136.0 
198.0 244.0 135.0 
199.0 246.0 134.0 
200.0 250.0 135.0 
200.0 254.0 136.0 
200.0 256.0 137.0 
200.0 260.0 136.0 
199.0 263.0 135.0 
198.0 267.0 136.0 
196.0 275.0 137.0 
196.0 278.0 137.0 
198.0 284.0 139.0 
199.0 290.0 140.0 
199.0 295.0 141.0 
198.0 300.0 141.0 
198.0 305.0 141.0 
195.0 241.0 141.0 
196.0 240.0 140.0 
205.0 242.0 140.0 
208.0 241.0 140.0 
216.0 242.0 139.0 
222.0 242.0 140.0 
229.0 238.0 143.0 
237.0 242.0 144.0 
243.0 243.0 144.0 
244.0 241.0 144.0 
243.0 245.0 144.0 
240.0 251.0 143.0 
242.0 255.0 142.0 
241.0 261.0 142.0 
241.0 267.0 141.0 
243.0 270.0 140.0 
244.0 277.0 140.0 
244.0 287.0 139.0 
243.0 293.0 138.0 
241.0 301.0 138.0 
242.0 307.0 139.0 
244.0 313.0 140.0 
459.0 314.0 141.0 
459.0 308.0 142.0 
459.0 301.0 143.0 
459.0 292.0 143.0 
459.0 287.0 142.0 
459.0 279.0 142.0 
459.0 269.0 142.0 
460.0 261.0 142.0 
460.0 251.0 141.0 
460.0 246.0 141.0 
460.0 240.0 141.0 
462.0 239.0 140.0 
467.0 240.0 139.0 
472.0 241.0 139.0 
478.0 242.0 139.0 
485.0 242.0 138.0 
491.0 242.0 136.0 
497.0 241.0 136.0 
496.0 245.0 135.0 
495.0 249.0 136.0 
495.0 255.0 137.0 
497.0 266.0 137.0 
497.0 271.0 139.0 
498.0 278.0 139.0 
498.0 290.0 139.0 
496.0 301.0 139.0 
496.0 308.0 140.0 
860.0 326.0 139.0 
860.0 318.0 140.0 
861.0 312.0 140.0 
861.0 305.0 139.0 
859.0 293.0 137.0 
859.0 284.0 136.0 
859.0 276.0 136.0 
859.0 265.0 135.0 
859.0 260.0 135.0 
861.0 258.0 135.0 
865.0 257.0 135.0 
869.0 259.0 135.0 
876.0 259.0 135.0 
882.0 259.0 135.0 
887.0 259.0 134.0 
890.0 260.0 133.0 
891.0 268.0 133.0 
889.0 277.0 135.0 
889.0 284.0 136.0 
889.0 293.0 137.0 
891.0 301.0 137.0 
891.0 311.0 137.0 
893.0 322.0 137.0 
1080.0 324.0 136.0 
1080.0 317.0 135.0 
1080.0 311.0 134.0 
1080.0 305.0 134.0 
1080.0 297.0 135.0 
1080.0 287.0 136.0 
1080.0 282.0 135.0 
1081.0 275.0 135.0 
1082.0 267.0 134.0 
1082.0 260.0 134.0 
1089.0 257.0 134.0 
1091.0 257.0 135.0 
1097.0 257.0 137.0 
1105.0 258.0 139.0 
1108.0 258.0 140.0 
1109.0 261.0 142.0 
1109.0 269.0 143.0 
1108.0 277.0 144.0 
1107.0 284.0 145.0 
1105.0 294.0 145.0 
1105.0 306.0 144.0 
1107.0 314.0 143.0 
1110.0 321.0 142.0 
1108.0 321.0 141.0 
1102.0 322.0 138.0 
1094.0 321.0 137.0 
1087.0 321.0 136.0 
857.0 327.0 135.0 
862.0 327.0 136.0 
869.0 325.0 137.0 
875.0 326.0 137.0 
881.0 327.0 137.0 
890.0 325.0 137.0 
463.0 312.0 138.0 
466.0 311.0 139.0 
474.0 312.0 138.0 
478.0 312.0 136.0 
485.0 312.0 135.0 
494.0 312.0 136.0 
200.0 316.0 136.0 
204.0 313.0 137.0 
213.0 312.0 140.0 
218.0 314.0 140.0 
221.0 314.0 140.0 
229.0 314.0 141.0 
234.0 314.0 141.0 
240.0 313.0 140.0 
1297.0 262.0 139.0 
1299.0 262.0 140.0 
1303.0 261.0 141.0 
1307.0 262.0 141.0 
1311.0 263.0 142.0 
1314.0 263.0 141.0 
1317.0 263.0 141.0 
1321.0 262.0 140.0 
1324.0 261.0 139.0 
1329.0 262.0 139.0 
1297.0 262.0 139.0 
1295.0 269.0 140.0 
1295.0 279.0 139.0 
1297.0 283.0 139.0 
1299.0 291.0 139.0 
1298.0 301.0 139.0 
1298.0 308.0 138.0 
1300.0 316.0 136.0 
1303.0 319.0 136.0 
1310.0 319.0 137.0 
1318.0 319.0 138.0 
1325.0 317.0 137.0 
1328.0 305.0 137.0 
1331.0 293.0 136.0 
1331.0 283.0 134.0 
1332.0 275.0 133.0 
1333.0 269.0 134.0 
1330.0 308.0 134.0 
1528.0 323.0 135.0 
1527.0 315.0 135.0 
1525.0 305.0 135.0 
1527.0 289.0 136.0 
1525.0 276.0 135.0 
1524.0 263.0 135.0 
1527.0 256.0 136.0 
1530.0 248.0 137.0 
1535.0 243.0 138.0 
1540.0 244.0 139.0 
1548.0 247.0 140.0 
1552.0 254.0 141.0 
1555.0 259.0 142.0 
1555.0 266.0 142.0 
1555.0 273.0 142.0 
1556.0 280.0 141.0 
1557.0 290.0 140.0 
1556.0 301.0 138.0 
1554.0 314.0 138.0 
1554.0 323.0 138.0 
1557.0 332.0 138.0 
1506.0 331.0 138.0 
1507.0 316.0 139.0 
1507.0 302.0 139.0 
1504.0 278.0 138.0 
1503.0 267.0 136.0 
1503.0 258.0 134.0 
1504.0 252.0 133.0 
1506.0 244.0 134.0 
1506.0 233.0 135.0 
1504.0 223.0 136.0 
1504.0 220.0 137.0 
1507.0 217.0 136.0 
1518.0 219.0 137.0 
1529.0 220.0 137.0 
1541.0 218.0 136.0 
1555.0 218.0 136.0 
1564.0 218.0 136.0 
1570.0 219.0 137.0 
1571.0 223.0 139.0 
1571.0 235.0 140.0 
1570.0 248.0 142.0 
1570.0 255.0 143.0 
1570.0 271.0 142.0 
1571.0 278.0 142.0 
1568.0 292.0 142.0 
1568.0 298.0 142.0 
1570.0 309.0 142.0 
1571.0 318.0 141.0 
1571.0 324.0 141.0 
1571.0 284.0 140.0 
1570.0 269.0 139.0 
1570.0 215.0 140.0 
1570.0 202.0 139.0 
1569.0 197.0 139.0 
1569.0 191.0 138.0 
1569.0 181.0 137.0 
1569.0 173.0 136.0 
1569.0 164.0 135.0 
1566.0 150.0 134.0 
1566.0 141.0 135.0 
1567.0 125.0 135.0 
1565.0 114.0 136.0 
1564.0 98.0 136.0 
1567.0 86.0 136.0 
1565.0 74.0 137.0 
1563.0 63.0 139.0 
1563.0 51.0 139.0 
1562.0 39.0 139.0 
1562.0 26.0 137.0 
1561.0 13.0 136.0 
1562.0 0.0 135.0 
1352.0 1.0 135.0 
1352.0 2.0 135.0 
1351.0 10.0 136.0 
1351.0 17.0 136.0 
1351.0 24.0 137.0 
1350.0 38.0 137.0 
1350.0 51.0 137.0 
1351.0 64.0 136.0 
1351.0 68.0 136.0 
1351.0 72.0 136.0 
1353.0 82.0 135.0 
1354.0 90.0 136.0 
1353.0 100.0 136.0 
1351.0 113.0 137.0 
1351.0 120.0 137.0 
1351.0 129.0 137.0 
1352.0 141.0 136.0 
1356.0 155.0 137.0 
1357.0 165.0 136.0 
1356.0 176.0 136.0 
1356.0 190.0 136.0 
1355.0 206.0 136.0 
1355.0 224.0 136.0 
1355.0 234.0 136.0 
1356.0 240.0 137.0 
1354.0 252.0 137.0 
1355.0 265.0 137.0 
1356.0 275.0 136.0 
1356.0 286.0 136.0 
1358.0 295.0 136.0 
1358.0 307.0 136.0 
1359.0 321.0 136.0 
1360.0 333.0 137.0 
1351.0 212.0 138.0 
1350.0 194.0 139.0 
1352.0 148.0 139.0 
1125.0 4.0 139.0 
1126.0 6.0 139.0 
1126.0 11.0 139.0 
1127.0 19.0 139.0 
1127.0 28.0 139.0 
1127.0 37.0 139.0 
1130.0 46.0 138.0 
1130.0 54.0 137.0 
1132.0 61.0 138.0 
1131.0 75.0 138.0 
1132.0 86.0 139.0 
1132.0 93.0 138.0 
1131.0 98.0 139.0 
1131.0 105.0 142.0 
1131.0 112.0 142.0 
1131.0 120.0 142.0 
1132.0 130.0 142.0 
1132.0 140.0 142.0 
1132.0 151.0 142.0 
1133.0 170.0 143.0 
1133.0 179.0 144.0 
1133.0 200.0 145.0 
1133.0 200.0 145.0 
1131.0 210.0 144.0 
1131.0 216.0 144.0 
1133.0 226.0 145.0 
1133.0 235.0 145.0 
1134.0 250.0 144.0 
1136.0 257.0 142.0 
1134.0 267.0 141.0 
1134.0 276.0 142.0 
1135.0 283.0 143.0 
1136.0 293.0 143.0 
1136.0 299.0 142.0 
1136.0 307.0 142.0 
1136.0 316.0 143.0 
1130.0 192.0 143.0 
914.0 3.0 144.0 
913.0 7.0 144.0 
913.0 8.0 144.0 
913.0 20.0 144.0 
913.0 31.0 143.0 
915.0 40.0 143.0 
914.0 50.0 143.0 
914.0 59.0 144.0 
914.0 75.0 144.0 
914.0 81.0 143.0 
914.0 90.0 141.0 
914.0 97.0 139.0 
914.0 105.0 138.0 
914.0 114.0 137.0 
914.0 122.0 137.0 
914.0 131.0 138.0 
914.0 143.0 139.0 
913.0 159.0 138.0 
913.0 168.0 138.0 
913.0 180.0 139.0 
914.0 190.0 138.0 
914.0 201.0 138.0 
914.0 209.0 140.0 
913.0 216.0 139.0 
913.0 227.0 138.0 
913.0 233.0 138.0 
916.0 244.0 139.0 
916.0 249.0 140.0 
916.0 257.0 140.0 
914.0 267.0 141.0 
914.0 273.0 141.0 
915.0 281.0 141.0 
916.0 287.0 140.0 
917.0 295.0 141.0 
916.0 304.0 141.0 
916.0 312.0 141.0 
916.0 320.0 140.0 
913.0 152.0 140.0 
914.0 67.0 140.0 
677.0 2.0 140.0 
676.0 6.0 139.0 
679.0 13.0 138.0 
683.0 21.0 139.0 
683.0 27.0 139.0 
682.0 34.0 138.0 
681.0 40.0 139.0 
680.0 49.0 139.0 
679.0 61.0 139.0 
680.0 72.0 139.0 
680.0 77.0 138.0 
678.0 85.0 137.0 
678.0 93.0 136.0 
678.0 97.0 135.0 
678.0 105.0 134.0 
679.0 114.0 134.0 
680.0 121.0 134.0 
681.0 128.0 133.0 
680.0 135.0 133.0 
680.0 140.0 134.0 
682.0 147.0 134.0 
681.0 156.0 135.0 
680.0 160.0 136.0 
680.0 173.0 136.0 
682.0 184.0 138.0 
683.0 193.0 139.0 
683.0 203.0 141.0 
681.0 213.0 141.0 
679.0 231.0 141.0 
679.0 240.0 141.0 
680.0 248.0 141.0 
681.0 266.0 141.0 
683.0 271.0 140.0 
683.0 279.0 141.0 
683.0 289.0 140.0 
683.0 300.0 141.0 
683.0 310.0 141.0 
680.0 321.0 141.0 
680.0 258.0 142.0 
679.0 219.0 141.0 
420.0 7.0 142.0 
420.0 11.0 141.0 
422.0 19.0 140.0 
421.0 31.0 139.0 
421.0 42.0 138.0 
420.0 54.0 138.0 
421.0 64.0 138.0 
421.0 76.0 139.0 
422.0 86.0 139.0 
422.0 93.0 139.0 
423.0 100.0 140.0 
423.0 113.0 140.0 
423.0 119.0 139.0 
422.0 127.0 139.0 
422.0 135.0 141.0 
420.0 147.0 142.0 
420.0 155.0 143.0 
419.0 164.0 144.0 
419.0 170.0 145.0 
421.0 181.0 145.0 
420.0 190.0 145.0 
421.0 200.0 145.0 
422.0 209.0 144.0 
421.0 216.0 144.0 
421.0 226.0 144.0 
421.0 235.0 144.0 
421.0 242.0 145.0 
421.0 250.0 144.0 
423.0 258.0 144.0 
424.0 267.0 144.0 
422.0 273.0 143.0 
422.0 281.0 143.0 
421.0 291.0 143.0 
421.0 305.0 142.0 
423.0 312.0 143.0 
421.0 319.0 144.0 
421.0 332.0 145.0 
174.0 2.0 144.0 
174.0 4.0 145.0 
174.0 10.0 144.0 
171.0 14.0 144.0 
171.0 19.0 144.0 
173.0 27.0 143.0 
170.0 45.0 142.0 
170.0 51.0 141.0 
170.0 60.0 141.0 
171.0 74.0 141.0 
174.0 79.0 142.0 
172.0 87.0 143.0 
171.0 98.0 142.0 
171.0 101.0 141.0 
171.0 109.0 140.0 
170.0 116.0 138.0 
170.0 123.0 136.0 
171.0 134.0 137.0 
170.0 149.0 137.0 
169.0 161.0 136.0 
171.0 170.0 137.0 
172.0 192.0 136.0 
174.0 200.0 137.0 
171.0 209.0 137.0 
170.0 218.0 137.0 
171.0 228.0 137.0 
170.0 235.0 137.0 
170.0 247.0 138.0 
168.0 256.0 138.0 
168.0 265.0 140.0 
169.0 276.0 142.0 
170.0 289.0 143.0 
169.0 298.0 142.0 
166.0 309.0 140.0 
161.0 322.0 139.0 
172.0 181.0 137.0 
171.0 34.0 135.0 
