550.0 280.0 41.0 
547.0 280.0 41.0 
544.0 281.0 41.0 
543.0 283.0 41.0 
537.0 285.0 41.0 
534.0 287.0 41.0 
531.0 287.0 41.0 
528.0 290.0 41.0 
526.0 292.0 40.0 
530.0 296.0 39.0 
533.0 299.0 39.0 
535.0 302.0 39.0 
562.0 355.0 26.0 
557.0 355.0 26.0 
553.0 357.0 26.0 
547.0 357.0 26.0 
540.0 361.0 26.0 
534.0 365.0 24.0 
532.0 365.0 24.0 
532.0 371.0 24.0 
534.0 376.0 24.0 
536.0 384.0 24.0 
538.0 388.0 24.0 
539.0 390.0 24.0 
544.0 403.0 24.0 
543.0 407.0 22.0 
584.0 460.0 21.0 
584.0 460.0 18.0 
587.0 460.0 17.0 
593.0 459.0 16.0 
593.0 459.0 14.0 
596.0 459.0 15.0 
601.0 459.0 18.0 
604.0 459.0 21.0 
607.0 463.0 24.0 
610.0 469.0 22.0 
610.0 471.0 24.0 
611.0 476.0 24.0 
613.0 481.0 23.0 
616.0 484.0 22.0 
583.0 392.0 23.0 
589.0 400.0 25.0 
592.0 404.0 25.0 
595.0 407.0 23.0 
598.0 409.0 20.0 
603.0 410.0 19.0 
609.0 412.0 20.0 
611.0 412.0 22.0 
614.0 413.0 23.0 
679.0 389.0 23.0 
679.0 391.0 21.0 
682.0 398.0 23.0 
686.0 405.0 22.0 
689.0 412.0 21.0 
665.0 353.0 20.0 
665.0 353.0 22.0 
667.0 352.0 23.0 
673.0 351.0 24.0 
675.0 350.0 24.0 
679.0 349.0 24.0 
676.0 345.0 21.0 
675.0 344.0 22.0 
667.0 283.0 21.0 
664.0 283.0 20.0 
656.0 284.0 17.0 
651.0 284.0 17.0 
643.0 285.0 15.0 
640.0 286.0 16.0 
595.0 309.0 15.0 
591.0 308.0 12.0 
588.0 305.0 11.0 
582.0 298.0 11.0 
580.0 296.0 13.0 
578.0 293.0 16.0 
578.0 293.0 19.0 
574.0 288.0 22.0 
575.0 286.0 25.0 
576.0 284.0 29.0 
581.0 283.0 31.0 
586.0 281.0 30.0 
589.0 279.0 28.0 
592.0 277.0 30.0 
589.0 273.0 32.0 
586.0 269.0 31.0 
581.0 263.0 31.0 
580.0 262.0 29.0 
635.0 401.0 28.0 
637.0 401.0 26.0 
642.0 399.0 26.0 
647.0 399.0 28.0 
654.0 397.0 31.0 
656.0 397.0 32.0 
659.0 397.0 33.0 
660.0 403.0 34.0 
660.0 406.0 34.0 
660.0 407.0 33.0 
660.0 409.0 30.0 
667.0 314.0 26.0 
662.0 315.0 23.0 
654.0 318.0 21.0 
647.0 318.0 21.0 
644.0 320.0 24.0 
639.0 323.0 25.0 
639.0 328.0 26.0 
