825.0 365.0 109.0 
807.0 356.0 115.0 
790.0 350.0 106.0 
766.0 345.0 133.0 
747.0 343.0 114.0 
722.0 335.0 123.0 
698.0 325.0 123.0 
670.0 314.0 122.0 
642.0 303.0 133.0 
614.0 289.0 121.0 
584.0 280.0 114.0 
563.0 284.0 125.0 
532.0 286.0 127.0 
492.0 294.0 119.0 
475.0 283.0 132.0 
455.0 255.0 112.0 
420.0 209.0 137.0 
403.0 184.0 125.0 
380.0 159.0 135.0 
356.0 132.0 118.0 
331.0 104.0 139.0 
306.0 73.0 121.0 
271.0 49.0 110.0 
242.0 44.0 118.0 
202.0 45.0 132.0 
173.0 65.0 134.0 
157.0 84.0 130.0 
135.0 93.0 135.0 
109.0 106.0 133.0 
81.0 124.0 140.0 
59.0 137.0 116.0 
40.0 147.0 125.0 
