363.0 131.0 104.0 
366.0 134.0 102.0 
367.0 135.0 100.0 
372.0 139.0 99.0 
373.0 141.0 98.0 
381.0 150.0 98.0 
382.0 150.0 97.0 
386.0 154.0 94.0 
388.0 158.0 93.0 
443.0 158.0 94.0 
450.0 168.0 97.0 
451.0 169.0 96.0 
458.0 176.0 93.0 
458.0 176.0 91.0 
464.0 182.0 92.0 
327.0 234.0 91.0 
333.0 245.0 90.0 
335.0 248.0 87.0 
339.0 254.0 89.0 
344.0 261.0 92.0 
346.0 264.0 92.0 
351.0 270.0 93.0 
353.0 273.0 93.0 
544.0 201.0 92.0 
551.0 207.0 90.0 
554.0 215.0 88.0 
558.0 219.0 90.0 
563.0 227.0 91.0 
565.0 230.0 93.0 
567.0 234.0 96.0 
563.0 241.0 97.0 
559.0 242.0 97.0 
553.0 244.0 97.0 
546.0 251.0 94.0 
541.0 254.0 89.0 
534.0 260.0 87.0 
529.0 264.0 86.0 
526.0 267.0 87.0 
533.0 273.0 87.0 
535.0 275.0 85.0 
540.0 282.0 83.0 
542.0 284.0 82.0 
430.0 259.0 81.0 
434.0 264.0 77.0 
464.0 267.0 73.0 
459.0 271.0 73.0 
455.0 274.0 77.0 
455.0 274.0 81.0 
421.0 350.0 83.0 
429.0 346.0 84.0 
431.0 346.0 81.0 
436.0 342.0 81.0 
440.0 339.0 82.0 
451.0 330.0 83.0 
461.0 338.0 85.0 
461.0 339.0 84.0 
466.0 345.0 80.0 
474.0 353.0 78.0 
478.0 356.0 76.0 
480.0 358.0 73.0 
487.0 366.0 72.0 
491.0 373.0 71.0 
490.0 376.0 73.0 
447.0 398.0 75.0 
441.0 404.0 75.0 
435.0 410.0 73.0 
432.0 413.0 78.0 
429.0 414.0 84.0 
422.0 417.0 86.0 
539.0 377.0 85.0 
544.0 387.0 88.0 
546.0 390.0 88.0 
547.0 393.0 88.0 
551.0 390.0 89.0 
558.0 389.0 91.0 
558.0 388.0 93.0 
571.0 333.0 89.0 
573.0 334.0 85.0 
576.0 340.0 84.0 
581.0 347.0 86.0 
583.0 351.0 85.0 
592.0 371.0 89.0 
582.0 387.0 91.0 
584.0 389.0 96.0 
591.0 398.0 102.0 
593.0 399.0 102.0 
594.0 402.0 106.0 
