1303.0 108.0 30.0 
1275.0 112.0 30.0 
1264.0 124.0 34.0 
1264.0 140.0 27.0 
1243.0 152.0 26.0 
1235.0 172.0 27.0 
1207.0 174.0 32.0 
1201.0 158.0 28.0 
1193.0 140.0 27.0 
1198.0 117.0 29.0 
1211.0 198.0 31.0 
1209.0 224.0 34.0 
1188.0 267.0 29.0 
1194.0 179.0 31.0 
1169.0 186.0 30.0 
1147.0 188.0 36.0 
1111.0 193.0 30.0 
1077.0 196.0 27.0 
1075.0 174.0 28.0 
1070.0 146.0 30.0 
1068.0 219.0 30.0 
1069.0 241.0 35.0 
1076.0 261.0 34.0 
1083.0 275.0 23.0 
1089.0 297.0 33.0 
1093.0 305.0 26.0 
1062.0 196.0 28.0 
1046.0 199.0 28.0 
1029.0 201.0 32.0 
1007.0 201.0 34.0 
986.0 208.0 34.0 
963.0 209.0 29.0 
964.0 186.0 30.0 
941.0 206.0 25.0 
966.0 238.0 31.0 
967.0 264.0 31.0 
959.0 286.0 27.0 
956.0 310.0 22.0 
974.0 328.0 33.0 
987.0 355.0 32.0 
997.0 377.0 30.0 
1011.0 346.0 33.0 
1032.0 325.0 26.0 
1056.0 311.0 26.0 
1071.0 303.0 33.0 
896.0 250.0 29.0 
903.0 267.0 31.0 
912.0 280.0 27.0 
922.0 293.0 33.0 
929.0 312.0 35.0 
933.0 325.0 27.0 
935.0 342.0 28.0 
936.0 355.0 27.0 
947.0 371.0 30.0 
953.0 385.0 36.0 
963.0 398.0 25.0 
976.0 391.0 32.0 
987.0 385.0 22.0 
842.0 204.0 30.0 
833.0 213.0 27.0 
818.0 236.0 31.0 
818.0 253.0 26.0 
809.0 265.0 24.0 
802.0 280.0 25.0 
785.0 292.0 27.0 
752.0 284.0 29.0 
733.0 279.0 30.0 
740.0 252.0 28.0 
739.0 229.0 33.0 
737.0 211.0 26.0 
735.0 194.0 34.0 
732.0 171.0 25.0 
688.0 179.0 23.0 
687.0 194.0 33.0 
696.0 215.0 33.0 
699.0 238.0 30.0 
697.0 255.0 27.0 
695.0 274.0 29.0 
714.0 275.0 33.0 
730.0 304.0 27.0 
717.0 325.0 27.0 
676.0 269.0 27.0 
656.0 266.0 30.0 
635.0 267.0 36.0 
626.0 257.0 22.0 
612.0 276.0 26.0 
574.0 217.0 32.0 
580.0 230.0 24.0 
587.0 245.0 28.0 
585.0 259.0 29.0 
584.0 269.0 33.0 
588.0 295.0 34.0 
591.0 314.0 27.0 
593.0 329.0 25.0 
599.0 348.0 23.0 
603.0 371.0 24.0 
595.0 405.0 36.0 
571.0 391.0 27.0 
558.0 361.0 33.0 
572.0 348.0 31.0 
631.0 340.0 21.0 
676.0 340.0 28.0 
698.0 340.0 32.0 
447.0 242.0 28.0 
453.0 268.0 34.0 
463.0 302.0 26.0 
466.0 350.0 32.0 
480.0 370.0 26.0 
376.0 334.0 32.0 
375.0 307.0 26.0 
345.0 260.0 25.0 
394.0 177.0 33.0 
376.0 189.0 30.0 
375.0 209.0 30.0 
358.0 245.0 31.0 
329.0 219.0 34.0 
308.0 184.0 30.0 
330.0 163.0 37.0 
355.0 141.0 31.0 
285.0 134.0 25.0 
304.0 126.0 30.0 
269.0 101.0 32.0 
247.0 80.0 35.0 
242.0 48.0 26.0 
165.0 83.0 25.0 
172.0 116.0 33.0 
197.0 141.0 25.0 
234.0 131.0 32.0 
261.0 126.0 27.0 
213.0 168.0 33.0 
227.0 196.0 26.0 
232.0 221.0 27.0 
264.0 201.0 28.0 
290.0 198.0 34.0 
297.0 157.0 30.0 
210.0 230.0 34.0 
186.0 238.0 22.0 
168.0 218.0 34.0 
151.0 200.0 23.0 
138.0 180.0 22.0 
121.0 158.0 32.0 
102.0 129.0 34.0 
162.0 160.0 27.0 
182.0 150.0 30.0 
108.0 192.0 29.0 
96.0 210.0 25.0 
78.0 222.0 27.0 
